bass_enable=false
bass_maxgain=3
compander_enable=false
compander_granularity=4
compander_response=95.0;200.0;400.0;800.0;1600.0;3400.0;7500.0;0.504827;0.471724;0.438621;0.388966;0.33931;0.322759;0.223448
compander_time_freq_transforms=3
compander_timeconstant=0.19000
convolver_enable=false
convolver_file=/home/xircon/.config/jamesdsp/irs/CorredHRTF_Surround2.wav
convolver_optimization_mode=0
convolver_waveform_edit=-80;-100;0;0;0;0
crossfeed_bs2b_fcut=649
crossfeed_bs2b_feed=58
crossfeed_enable=false
crossfeed_mode=99
ddc_enable=false
ddc_file=/home/xircon/.config/jamesdsp/vdc/Butterworth.vdc
graphiceq_enable=true
graphiceq_param=GraphicEQ: 20 -0.2; 21 -0.4; 22 -0.6; 23 -0.9; 24 -1.3; 26 -2.1; 27 -2.4; 29 -3.1; 30 -3.3; 32 -3.7; 34 -4.1; 36 -4.4; 38 -4.7; 40 -5; 43 -5.3; 45 -5.4; 48 -5.7; 50 -5.8; 53 -5.9; 56 -6; 59 -6; 63 -5.9; 66 -5.7; 70 -5.4; 74 -5.3; 78 -5.4; 83 -5.6; 87 -5.4; 92 -5.3; 97 -5.4; 103 -5.8; 109 -6; 115 -6.1; 121 -6.2; 128 -6.1; 136 -6.1; 143 -6; 151 -5.9; 160 -5.7; 169 -5.4; 178 -5.1; 188 -4.7; 199 -4.3; 210 -3.9; 222 -3.6; 235 -3.4; 248 -3.4; 262 -3.7; 277 -4.3; 292 -4.8; 309 -5; 326 -5.1; 345 -5; 364 -5; 385 -5; 406 -5; 429 -5; 453 -5; 479 -4.9; 506 -4.9; 534 -4.8; 565 -4.7; 596 -4.7; 630 -4.6; 665 -4.6; 703 -4.6; 743 -4.6; 784 -4.5; 829 -4.4; 875 -4.4; 924 -4.3; 977 -4.3; 1032 -4.3; 1090 -4.4; 1151 -4.6; 1216 -4.8; 1284 -4.9; 1357 -4.9; 1433 -5; 1514 -5.2; 1599 -5.4; 1689 -5.5; 1784 -5.7; 1885 -5.8; 1991 -5.8; 2103 -5.9; 2221 -6; 2347 -6.3; 2479 -6.9; 2618 -7.6; 2766 -8.4; 2921 -8.9; 3086 -8.5; 3260 -7.8; 3443 -7.1; 3637 -6.3; 3842 -6.6; 4058 -8; 4287 -9.7; 4528 -10.8; 4783 -10.3; 5052 -9.3; 5337 -8.8; 5637 -8.8; 5955 -9.3; 6290 -10; 6644 -10.1; 7018 -9.6; 7414 -9.2; 7831 -8.8; 8272 -8.1; 8738 -7.3; 9230 -6.4; 9749 -5.5; 10298 -4.8; 10878 -4.4; 11490 -4.1; 12137 -3.8; 12821 -3.5; 13543 -3.3; 14305 -3.1; 15110 -2.9; 15961 -2.7; 16860 -2.6; 17809 -2.5; 18812 -2.4; 19871 -2.4
liveprog_enable=true
liveprog_file=/home/xircon/.config/jamesdsp/liveprog/stereowide.eel
master_enable=true
master_limrelease=110
master_limthreshold=0
master_postgain=7
reverb_bassboost=0.50000
reverb_decay=3.20000
reverb_delay=0.00000
reverb_enable=false
reverb_finaldry=-5.00000
reverb_finalwet=-29.10000
reverb_lfo_spin=0.70000
reverb_lfo_wander=0.14000
reverb_lpf_bass=110
reverb_lpf_damp=1024
reverb_lpf_input=1889
reverb_lpf_output=1148
reverb_osf=1
reverb_reflection_amount=0.05000
reverb_reflection_factor=0.57000
reverb_reflection_width=-0.87000
reverb_wet=-65.20000
reverb_width=1.00000
stereowide_enable=false
stereowide_level=40
tone_enable=false
tone_eq=25.0;40.0;63.0;100.0;160.0;250.0;400.0;630.0;1000.0;1600.0;2500.0;4000.0;6300.0;10000.0;16000.0;0;0;0;0;0;0;0;0;0;0;0;0;0;0;0
tone_filtertype=1
tone_interpolation=0
tube_enable=true
tube_pregain=230
